15 15
28 22
58 20
69 24
71 22
113 15
131 21
136 7
163 25
196 9
197 17
235 7
278 12
304 11
314 6
341 8
357 3
384 9
394 14
409 23
416 14
420 21
430 2
437 8
442 10
450 9
489 11
498 12
504 8
569 15
571 18
572 12
593 18
613 23
624 19
625 10
635 10
655 8
661 11
678 7
708 21
712 22
716 25
725 10
727 23
737 3
748 0
772 3
796 7
798 19
814 4
820 1
837 20
885 10
945 3
971 21
976 23
994 24
1054 14
1064 7
1067 24
1081 20
1090 11
1091 6
1096 24
1099 11
1119 16
1123 12
1135 13
1161 23
1174 4
1186 24
1219 11
1224 7
1258 16
1264 8
1275 24
1298 18
1309 2
1319 14
1335 19
1344 5
1379 7
1394 7
1426 17
1427 25
1500 7
1502 8
1523 12
1537 19
1581 2
1587 17
1593 10
1596 19
1600 25
1632 25
1653 8
1711 0
1741 17
1758 25
1765 17
1789 8
1794 11
1809 19
1812 3
1844 17
1869 18
1876 18
1883 16
1944 9
1949 21
1954 14
1965 4
2013 6
2043 17
2072 11
2089 12
2097 7
2196 16
2198 14
2202 25
2206 0
2249 3
2257 5
2266 9
2307 18
2313 2
2319 14
2320 7
2351 17
2355 14
2450 19
2468 5
2473 25
2491 20
2503 23
2543 21
2578 25
2600 12
2678 17
2686 12
2690 7
2723 18
2741 19
2764 1
2771 9
2814 15
2827 23
2839 7
2876 1
2884 0
2896 16
2899 13
2930 4
2938 8
3015 16
3024 23
3056 12
3064 22
3109 9
3114 8
3124 17
3129 9
3151 18
3153 11
3164 2
3165 1
3199 9
3201 25
3206 18
3207 12
3244 3
3248 3
3256 9
3274 13
3287 2
3325 10
3368 25
3396 15
3408 12
3483 16
3501 16
3523 4
3563 12
3586 23
3598 24
3604 16
3624 6
3625 14
3626 13
3627 16
3638 17
3658 24
3690 4
3691 13
3699 22
3709 15
3715 4
3743 8
3750 24
3871 7
3893 17
3903 13
3924 9
3927 4
3951 5
3971 19
3993 16
3999 13
4000 16
4030 25
4036 6
4045 2
4063 24
4135 0
4145 15
4147 20
4149 16
4190 21
4199 17
4237 24
4243 8
4246 2
4288 15
4299 7
4340 1
4411 23
4413 3
4414 21
4433 21
4479 20
4482 19
4486 7
4550 9
4575 25
4625 16
4652 9
4710 20
4712 1
4719 25
4730 0
4793 5
4807 6
4888 10
4919 9
4959 23
4963 4
4969 8
4970 25
4992 5
5026 23
5050 7
5075 7
5095 8
5097 7
5109 7
5139 18
5141 8
5155 9
5177 10
5182 17
5186 0
5190 12
5248 13
5255 13
5279 9
5283 21
5297 13
5315 10
5321 2
5331 15
5351 19
5354 10
5360 1
5477 6
5511 8
5513 4
5515 0
5516 21
5528 24
5565 22
5591 21
5604 8
5624 18
5629 25
5632 5
5650 24
5677 19
5702 20
5753 0
5754 4
5758 17
5760 19
5776 6
5789 7
5816 13
5877 16
5886 11
5891 12
5892 16
5922 17
5934 0
5939 18
5970 24
5972 20
5978 4
6002 11
6034 12
6050 12
6067 25
6070 10
6099 22
6110 23
6114 6
6124 22
6128 16
6137 15
6202 16
6217 4
6234 13
6258 16
6267 3
6276 4
6280 7
6282 20
6307 24
6308 20
6342 10
6383 4
6396 7
6453 13
6478 3
6546 23
6606 25
6619 13
6622 1
6641 23
6667 18
6688 13
6696 10
6702 16
6709 6
6760 25
6761 15
6764 19
6777 20
6809 9
6811 13
6817 11
6833 19
6858 13
6865 21
6878 16
6910 25
6917 2
6923 21
6937 0
6941 20
6969 11
6974 3
6983 19
6994 23
6998 9
7000 5
7002 24
7009 18
7040 8
7054 0
7075 14
7086 18
7088 21
7121 22
7149 7
7171 9
7204 20
7213 10
7215 7
7222 13
7224 12
7247 25
7307 19
7325 5
7334 17
7339 4
7350 11
7428 8
7433 11
7479 23
7499 17
7520 5
7528 24
7559 25
7602 19
7604 12
7633 23
7648 5
7669 25
7682 8
7705 14
7708 0
7709 17
7775 17
7780 15
7814 18
7822 10
7823 5
7846 25
7941 9
7969 10
7973 5
7975 13
7992 14
7994 14
8000 18
8013 1
8067 9
8120 13
8170 15
8288 19
8301 25
8325 18
8351 25
8357 12
8362 24
8391 13
8404 12
8416 22
8493 5
8496 5
8515 3
8534 2
8553 13
8556 4
8557 23
8575 3
8579 15
8617 12
8640 2
8641 16
8647 14
8667 25
8673 14
8674 1
8689 15
8690 3
8766 15
8785 15
8852 14
8979 10
9031 15
9037 10
9041 15
9082 3
9091 12
9113 21
9117 8
9138 1
9145 3
9161 4
9163 12
9178 24
9190 11
9191 3
9206 9
9220 12
9230 9
9232 20
9246 17
9297 25
9309 5
9315 21
9316 17
9328 14
9349 19
9351 9
9373 15
9379 25
9384 1
9388 19
9394 9
9402 14
9427 5
9443 21
9469 6
9484 8
9524 25
9566 2
9586 20
9595 21
9634 11
9638 3
9650 25
9670 1
9672 25
9679 14
9794 18
9819 10
9822 6
9829 6
9834 20
9867 7
9890 22
9898 5
9910 22
9918 1
9922 13
9951 14
10048 18
10082 18
10084 6
10102 10
10108 10
10121 24
10180 1
10185 7
10239 13
10263 2
10268 4
10270 10
10290 15
10293 9
10294 23
10316 14
10318 8
10386 23
10393 6
10396 21
10401 11
10417 21
10428 6
10445 3
10457 19
10462 9
10470 14
10503 19
10520 12
10529 8
10542 15
10571 1
10624 20
10630 0
10631 18
10651 21
10655 10
10670 14
10710 25
10718 14
10772 21
10774 0
10781 7
10799 7
